1.000000000000000000e+00 1.000000000000000000e+00 1.000000000000000000e+00 1.000000000000000000e+00
1.238703033149612720e+00 3.037759344652045668e-01 1.428657136488783175e-01 1.498793307510267514e+00
1.081040308992102794e+00 3.683831074298720698e-01 4.027130189123351300e-01 1.033406716735232100e+00
6.492866792701782463e-01 8.548300321352916842e-02 2.161150479503430588e-01 3.517282726212853095e-01
7.423542954428811180e-01 1.759020540176432501e-01 5.026335226841530807e-02 5.198542499915641546e-01
5.738294741318227254e-01 1.036934276506688568e-01 2.712111231699777802e-02 3.113481080911721932e-01
3.938481580047644703e-01 4.722038237803651700e-02 4.422336609866893767e-03 1.477092066275986493e-01
3.077665370343497520e-01 2.911985362590527662e-02 1.071744766844865077e-03 9.013774035433121112e-02
2.333479053527788560e-01 1.666090938493445736e-02 2.979891328529615650e-04 5.184515179937597418e-02
1.794086573197803403e-01 9.778533332273098636e-03 3.733165894793306927e-05 3.066883259046095447e-02
