2.037869829540695221e+01 1.337526441693657864e+00 -9.311582448084600117e+00
2.037869829540687761e+01 1.066247355830654797e+01 -9.311582448084520180e+00
3.010953337412602693e+01 -1.602628585029948427e+00 -3.367091315401344431e+00
3.010953337412578179e+01 1.360262858503028660e+01 -3.367091315401277374e+00
2.639617454728490742e+01 1.010214067618716127e+00 -9.354376609166960677e+00
2.640302162570500855e+01 1.105963071319782287e+01 -9.322689506249117741e+00
3.012636769028168260e+01 1.071598158756781993e+00 -1.245645172505698423e-01
3.013167727650324679e+01 1.092327078924143891e+01 -8.049379989333815821e-02
2.481482509246920642e+01 -1.803867694409089506e-01 -1.131655251299455145e+01
2.482290245780310656e+01 1.228255095061512669e+01 -1.126097132218314023e+01
3.002939134800268661e+01 2.554529194039434903e-01 -5.233644288934011790e-01
3.003816897635904226e+01 1.173726637616845103e+01 -4.532779440814307947e-01
2.564853553253811924e+01 9.566398829758149258e-02 -1.030231289323644894e+01
2.565259311816832977e+01 1.195288356141932695e+01 -1.027751187921239406e+01
3.034787408589197355e+01 2.203424663190369226e-01 4.230609503776125435e-01
3.035143560006615715e+01 1.177567210303982215e+01 4.583117278621858248e-01
2.581585146446441570e+01 -4.059289488569271798e-02 -1.008764858547254306e+01
2.581796700101530107e+01 1.206560029370419862e+01 -1.007387094018577045e+01
3.048263067546264082e+01 9.370721441570054044e-02 9.264144101423014144e-01
3.048391285055973654e+01 1.190374106712980584e+01 9.446875655596295163e-01
2.605435822818950697e+01 9.606963747756509103e-03 -9.751069909756978404e+00
2.605531840494779416e+01 1.200421792178274849e+01 -9.743922378533797612e+00
3.056653600229509493e+01 6.971301157070818044e-02 1.292292918283787229e+00
3.056688055372849533e+01 1.192955344845282895e+01 1.302673471952554118e+00
2.616750132516644811e+01 -8.221010392121213053e-03 -9.580639858563239741e+00
2.616796362812937815e+01 1.201595298423481317e+01 -9.576611738778403549e+00
3.061759954571260778e+01 4.524827348490035456e-02 1.530364251551946442e+00
3.061754461284882822e+01 1.195473055912714067e+01 1.536280745934822889e+00
