2.995107944871383719e+06 2.939298826824394986e+06 2.938498619813230354e+06 2.951497235000400804e+06 3.162638770698917098e+06 3.007732242895390838e+06 2.919176963679354638e+06 3.188012173361985479e+06 2.827826709603008814e+06 2.913646990818212274e+06 2.959639285829277709e+06 2.930633416931512766e+06 3.191055937001641374e+06 3.214847231623641681e+06 2.978303504378411919e+06 2.953509045147957280e+06 2.892409735898813233e+06 2.794234393767941277e+06 2.858443384230168536e+06
3.166891752179582603e+06 2.741251014435813297e+06 3.133475349274946377e+06 3.047497850426756777e+06 3.041650977005681489e+06 3.249176890387252439e+06 2.980162443838090170e+06 3.076340597758106887e+06 3.163741420775322709e+06 2.987128691495726816e+06 3.124824466606494039e+06 3.110300712944601662e+06 3.189256550120178144e+06 3.084040940858085640e+06 3.100847971957717557e+06 2.917643530359860510e+06 2.911038041970462073e+06 3.046811582640312612e+06 3.359781184452386107e+06
2.953330684964323882e+06 2.771178611608143430e+06 2.979431873552409466e+06 2.907951839340665843e+06 2.842220660822681151e+06 3.221400994396593887e+06 2.863895787694538012e+06 3.031179223555669654e+06 2.919315807636633981e+06 2.756503387478119228e+06 3.046159168268939946e+06 2.965287703689740971e+06 3.030115483231265098e+06 3.107268070567620918e+06 3.021747486951400992e+06 3.130362138094211463e+06 3.140223951740526594e+06 3.232929749586776365e+06 3.316126554299272597e+06
3.107959453881269787e+06 2.966818263805503957e+06 2.912303424490256701e+06 2.914693538360141218e+06 3.022016988445597701e+06 2.882066986418558285e+06 2.859057178344316315e+06 3.255793698666414246e+06 3.206083354594366159e+06 2.946743397835075855e+06 2.666611953565103002e+06 2.985468579230804928e+06 3.071748842662131879e+06 3.016510639697763138e+06 2.969087348876983859e+06 2.918815839048399124e+06 3.079309551135510672e+06 3.005282411482012365e+06 2.762709604704697616e+06
3.102829705392138567e+06 2.946755530065518338e+06 3.187073603162962478e+06 2.986314088381286245e+06 2.816751905708246399e+06 2.808548229431449901e+06 2.917545697172233835e+06 3.192998580136110075e+06 2.938168398203779478e+06 3.281764206560162827e+06 3.063660482726168819e+06 3.008048562695796136e+06 3.241903343423595186e+06 3.023743753661452327e+06 3.185592439867017791e+06 3.248480617063822225e+06 2.784302859706797637e+06 3.004181487598881125e+06 2.669171457039731555e+06
3.306847167022237554e+06 2.858065331561360043e+06 2.898485743472615257e+06 2.919393237953525968e+06 3.094372207148744725e+06 3.119689160769775510e+06 3.052455369151825085e+06 2.698495564853460062e+06 2.916270892714900430e+06 2.843546454363581724e+06 3.101388929547877982e+06 3.062705875436879229e+06 2.771063872081041336e+06 3.016439741611945443e+06 3.316412952639661264e+06 3.037389048605387099e+06 2.999498133222833741e+06 3.070005601477747317e+06 2.906056757678387221e+06
2.907007308587339707e+06 3.064222799968657549e+06 2.961717970373137388e+06 3.084457495332765859e+06 2.985084298583381809e+06 3.144935808723993599e+06 3.053585021873698570e+06 2.800857445553155150e+06 3.014811121605932713e+06 3.412978889051996171e+06 3.104617635592282284e+06 2.948676290226812940e+06 2.962766920233187731e+06 3.098611762204013765e+06 3.044215222622034606e+06 3.297870581525196787e+06 3.133378213156202808e+06 2.836106392286359333e+06 3.120452492678833194e+06
3.073614627177912742e+06 3.004984521943258587e+06 3.049313426095903385e+06 2.839300706937797833e+06 2.779155538981262594e+06 3.138854791273994837e+06 3.048263954519674182e+06 3.017233351096952334e+06 2.869301983683886472e+06 2.867157039674898144e+06 3.070798814781852532e+06 2.886157942829010077e+06 3.208879940390168689e+06 2.864325297356713098e+06 2.937816947058601771e+06 2.978994437904540915e+06 2.976422289181016851e+06 3.031262650204428472e+06 3.191499759610641748e+06
3.124271595714364201e+06 2.931868089785567485e+06 3.169485477697680704e+06 3.288673338080638554e+06 2.928970702782372944e+06 2.815477582393907476e+06 3.120357485294940416e+06 3.173430787174520083e+06 2.900485844995046966e+06 3.121806353359146509e+06 2.988029551682303660e+06 2.736434041942003649e+06 2.896024420073371846e+06 2.960486258685749024e+06 2.873913419799759518e+06 3.131338838438742328e+06 2.994804205702745356e+06 3.133816862233142368e+06 3.132273128854847513e+06
3.083505484457793180e+06 3.117860260316273663e+06 3.051564166383108124e+06 2.743726962618613150e+06 2.980763244503694586e+06 2.749599368382758461e+06 3.145472193258909043e+06 3.296822577942364383e+06 3.281198871865420137e+06 3.013300217914260458e+06 2.720264603684702888e+06 3.143352999788150657e+06 2.903681206086097751e+06 2.847375490679325536e+06 3.016024023418372031e+06 3.084589483717439231e+06 3.015478729003454559e+06 3.287769280133705586e+06 2.900396139680814929e+06
3.006206759690259118e+06 3.074898251162757166e+06 2.876446987346797716e+06 2.953234042031050194e+06 3.033188052379291970e+06 2.932762503626134247e+06 2.741473664631152991e+06 2.964181470211580861e+06 2.956681830170090776e+06 3.027844343108468689e+06 2.913622277799516916e+06 3.076708193457947578e+06 2.945961540558224078e+06 3.112982642458522692e+06 3.030207274702874012e+06 2.685077094933664892e+06 3.191798119331904221e+06 3.160442824271963909e+06 2.910020425364898518e+06
2.976149572625712957e+06 2.951419347988056019e+06 3.112619360945313703e+06 2.928673190080607776e+06 3.145512967454475351e+06 2.951021207764436491e+06 2.948769625842539594e+06 2.811768946122854948e+06 3.170952153097681701e+06 3.182012740239540115e+06 3.241834015915357973e+06 3.030572416584031191e+06 3.088904228599916212e+06 3.001794847110757604e+06 2.977273863600109238e+06 2.634060655881015118e+06 3.066348068304766901e+06 2.985175173602206632e+06 3.116652388399464078e+06
3.137135063479061704e+06 2.955922982517220080e+06 2.731561605185332242e+06 3.166799002860176843e+06 2.881408958702341188e+06 3.006626174412920605e+06 3.134088076667728834e+06 2.978743314414804801e+06 2.998354091217088513e+06 3.021269494571765419e+06 3.106341774040639400e+06 3.079936953684955370e+06 3.211350707507862709e+06 3.180927836289830972e+06 3.332117406894764397e+06 3.144703800276514608e+06 3.159839850125642028e+06 2.983664846076830756e+06 3.034700837932959665e+06
2.862912483685958199e+06 2.907321974059929606e+06 2.874658412753681187e+06 2.971759748151254840e+06 2.838580565149617381e+06 3.048520496239655185e+06 3.018219818374353461e+06 2.763419888730847277e+06 2.906572356692430563e+06 2.818797282483661082e+06 2.943129985936116893e+06 2.982709578665223438e+06 2.927946062018295750e+06 3.045351097473505884e+06 3.232008576550014783e+06 2.866249057838563807e+06 3.084182758213633206e+06 2.985540740087836515e+06 3.135338457577495370e+06
2.914965032453017309e+06 3.340823704209151678e+06 3.087531632255852222e+06 3.072843880598328542e+06 3.234415882641058881e+06 2.684359679950557183e+06 3.045993788787697908e+06 2.746574387491516769e+06 3.096061792028493248e+06 3.076129593871953897e+06 2.838873747348440811e+06 2.896445998360323254e+06 2.633510540805775672e+06 2.680764298859515227e+06 2.968334823394201696e+06 2.705978824917714577e+06 3.158618058935799636e+06 3.002933955834538210e+06 2.802220904357899446e+06
2.987690214780217037e+06 2.972010342773464508e+06 3.087697892402921803e+06 3.168073882298805751e+06 3.105413109205341898e+06 2.982780191575917415e+06 2.848260156206670683e+06 2.554187492994603235e+06 2.777363057107203640e+06 2.867797891502414364e+06 2.920052894626034889e+06 2.660014718040606938e+06 3.180035834519025404e+06 2.964300962954833172e+06 2.912772323387388606e+06 3.258283847116748802e+06 3.226383241092297249e+06 2.962426169666517060e+06 3.045005391592344269e+06
2.958274256035412196e+06 2.857610145010422915e+06 3.030319216714509763e+06 3.074453829243454617e+06 3.092827327249998227e+06 2.952319558416813146e+06 3.021909629091622774e+06 3.262258185248607770e+06 3.122378636638871860e+06 2.909537755788893439e+06 2.827228384651709814e+06 2.903691067433291115e+06 2.917313855760644190e+06 3.181682608484719414e+06 3.487453094053750392e+06 3.095462201852880418e+06 2.949465011466833763e+06 3.057026332920546643e+06 3.060420655212712474e+06
3.067423119449210353e+06 2.747173518123341259e+06 3.099740484895143192e+06 3.023252733288993128e+06 2.886776830861871131e+06 2.968415466465114616e+06 3.082315320867693983e+06 2.924709882372888271e+06 3.297061009608586319e+06 2.964098166135187261e+06 2.841281704517644364e+06 3.051585555873943958e+06 3.033360422964339145e+06 2.919131348826895002e+06 2.984754295720712747e+06 2.860515045303067192e+06 2.981803777404607274e+06 3.014042124930803664e+06 3.110353966790077277e+06
2.997119579973592889e+06 2.876411960289109964e+06 2.950880824312156532e+06 3.013947605796147138e+06 3.006443482699385844e+06 3.059200689259353094e+06 3.259771454500330612e+06 2.804462807159753516e+06 3.102557367883420084e+06 2.952219618235250469e+06 2.982285588260480203e+06 3.134490319158743136e+06 2.775874529095533304e+06 2.930154251865811646e+06 2.850090402970015537e+06 3.030975724591237027e+06 2.974885563386576716e+06 2.938848467863566242e+06 3.072386183666600846e+06
